0   5   1   4   0   6   0   5   0   6   3   4   1   4   0   4   0   4   0   
4   0   6   0   4   0   4   0   4   0   4   0   4   0   4   0   4   0   4   
1   4   0   4   0   6   1   4   0   4   0   4   0   9   1   4   1   4   4   
4   1   8   0   4   0   7   0   5   0   5   0   4   0   4   0   4   4   6   
0   4   3   4   0   5   0   5   1   4   0   9   0   4   0   4   0   5   0   
4   0   4   0   4   2   4   2   4   0   5   2   4   0   5   0   4   1   4   
1   4   0   4   0   4   0   4   2   4   1   4   0   4   1   4   0   8   0   
6   1   4   0   4   0   4   0   4   0   4   3   4   0   6   0   4   0   4   
3   4   0   4   0   4   0   5   1   4   0   4   0   4   1   4   0   4   0   
4   2   5   4   4   2   4   0   4   0   4   0   4   2   4   2   4   1   4   
0   4   0   4   0   6   0   4   1   7   0   5   0   4   0   6   1   5   0   
4   0   4   0   4   2   4   0   4   0   4   0   4   1   4   0   4   0   4   
3   4   0   4   2   4   2   4   0   4   4   5   4   4   0   4   0   6   0   
9   4   4   0   9   0   4   0   4   0   4   0   7   1   4   0   4   4   4   
0   4   1   5   3   7   2   4   4   4   0   4   1   5   0   4   0   4   0   
5   1   9   2   9   0   4   0   4   0   9   0   6   2   5   3   9   0   4   
0   4   2   6   3   4   0   7   2   7   2   9   0   4   4   4   2   4   1   
9   0   4   0   6   0   4   0   4   0   5   3   4   0   4   0   4   0   4   
0   4   4   4   2   4   0   9   0   4   1   4   0   4   0   4   0   4   0   
9   1   4   0   5   0   6   1   4   0   9   0   4   0   4   1   4   0   5   
0   4   3   4   0   5   0   4   0   4   2   5   2   4   1   4   0   4   0   
4   0   4   0   4   0   4   0   4   0   9   0   4   2   6   0   4   1   4   
2   4   1   5   0   5   1   4   0   4   1   9   0   4   3   4   1   4   0   
4   1   8   0   4   0   4   4   4   1   4   2   5   0   4   0   4   2   5   
0   4   0   7   0   4   0   4   0   7   0   4   0   4   0   4   0   4   0   
4   0   5   1   4   0   8   2   8   0   4   0   4   0   4   0   4   0   4   
0   4   0   4   1   4   0   4   0   4   0   5   2   4   0   4   0   4   0   
4   0   8   3   9   0   4   0   4   2   4   0   7   0   4   2   4   0   4   
0   7   0   4   0   4   0   4   2   4   0   4   0   4   1   4   3   4   2   
4   0   4   0   4   0   4   0   4   0   4   0   4   0   5   0   9   0   4   
0   4   1   4   0   4   0   4   1   4   1   5   0   4   0   4   0   4   0   
4   0   4   0   4   1   9   0   4   0   4   3   4   0   9   0   4   0   4   
0   4   0   4   0   4   0   7   2   4   0   4   0   4   0   4   0   9   1   
4   1   4   0   4   2   9   0   8   0   4   0   4   0   4   0   4   0   8   
0   4   2   6   0   4   1   4   0   4   0   4   0   9   0   4   0   5   4   
5   0   4   0   4   0   9   0   4   2   4   0   4   0   4   0   4   0   7   
0   4   0   7   1   4   0   5   4   9   0   4   0   4   0   4   0   4   0   
4   1   4   0   4   0   9   0   4   0   8   0   9   0   4   0   4   0   4   
1   4   1   5   0   4   0   8   0   9   2   4   0   4   0   4   0   4   0   
6   0   4   0   4   0   4   0   4   0   4   0   4   1   4   0   4   1   4   
0   6   0   4   0   4   1   4   0   4   4   4   0   4   2   4   0   4   0   
4   0   4   0   4   2   4   0   4   0   5   0   6   0   4   0   4   1   4   
0   5   4   4   0   4   2   4   3   4   1   4   0   4   0   4   0   4   2   
5   1   4   0   4   0   5   0   4   0   4   1   4   4   4   1   4   0   4   
0   4   0   4   0   6   0   4   0   4   0   9   0   4   0   4   4   4   0   
4   3   4   0   9   1   4   0   4   0   4   0   5   0   4   0   4   0   4   
0   4   0   4   0   4   0   9   3   4   1   4   1   4   0   4   2   4   0   
4   1   4   0   4   0   4   0   5   0   6   0   4   0   9   0   4   1   4   
0   4   3   4   2   9   0   5   0   4   0   4   0   9   0   4   0   4   0   
4   0   4   0   4   0   4   3   8   0   4   1   8   4   4   0   4   0   4   
0   4   3   5   0   4   0   4   0   4   0   4   0   6   0   9   0   4   0   
4   0   9   0   4   0   4   0   4   0   4   0   4   0   4   1   4   1   4   
2   4   4   4   0   4   1   4   2   4   0   4   
